computing client...
bandwidth_threshold: 0.0971428696032
ave_burst: 6.5170357687
computing server...
bandwidth_threshold: 0.0140623506742
ave_burst: 20.3321189766
